Distance(m) Time(s) Speed(Km/h)
118.75   8.05  53.11 
 29.17   3.25  32.31 
135.83  10.45  46.79 
115.83   7.65  54.51 
117.92   7.75  54.77 
113.33   6.80  60.00 
  4.17   2.55   5.88 
  5.42   1.70  11.47 
116.67   4.75  88.42 
 97.50   8.55  41.05 
 97.92   5.25  67.14 
 87.50   5.05  62.38 
124.17   5.15  86.80 
 88.33   5.40  58.89 
115.83   7.30  57.12 
114.58   7.10  58.10 
100.42   7.40  48.85 
114.58   6.80  60.66 
 97.08   6.70  52.16 
133.75   7.10  67.82 
128.75   7.80  59.42 
114.17   6.95  59.14 
100.42   8.55  42.28 
118.75   7.20  59.37 
111.25   6.20  64.60 
  6.25  11.95   1.88 
 34.58   1.60  77.81 
100.42   9.55  37.85 
 51.25   3.80  48.55 
 27.50   3.60  27.50 
 42.50   2.30  66.52 
